501
3
-0.997895
-0.0648472
0.
-0.997895
0.0648472
0.
-0.99419
0.
-0.107642
-0.993682
0.
0.112228
-0.986324
-0.12554
-0.10679
-0.986324
0.12554
-0.10679
-0.985146
-0.130799
0.111264
-0.985146
0.130799
0.111264
-0.981522
-0.191349
0.
-0.981522
0.191349
0.
-0.976413
-0.0608802
-0.207151
-0.976413
0.0608802
-0.207151
-0.972249
-0.0659662
0.224457
-0.972249
0.0659662
0.224457
-0.963803
-0.245346
-0.104352
-0.963803
0.245346
-0.104352
-0.962251
-0.179992
-0.204147
-0.962251
0.179992
-0.204147
-0.960798
-0.255133
0.108514
-0.960798
0.255133
0.108514
-0.955755
-0.194541
0.220649
-0.955755
0.194541
0.220649
-0.954639
0.
-0.297765
-0.951057
-0.309017
0.
-0.951057
0.309017
0.
-0.948206
-0.115895
-0.295759
-0.948206
0.115895
-0.295759
-0.942646
0.
0.333793
-0.934685
-0.129694
0.330974
-0.934685
0.129694
0.330974
-0.932929
-0.289873
-0.213581
-0.932929
0.289873
-0.213581
-0.927265
-0.358336
-0.108514
-0.927265
0.358336
-0.108514
-0.925139
-0.313849
0.213581
-0.925139
0.313849
0.213581
-0.924625
-0.220267
-0.310727
-0.924625
0.220267
-0.310727
-0.924547
-0.0554016
-0.377019
-0.924547
0.0554016
-0.377019
-0.923944
-0.36802
0.104352
-0.923944
0.36802
0.104352
-0.911958
-0.253082
0.322926
-0.911958
0.253082
0.322926
-0.90654
-0.422119
0.
-0.90654
0.422119
0.
-0.905012
-0.152738
-0.39702
-0.905012
0.152738
-0.39702
-0.898624
-0.0637832
0.434058
-0.898624
0.0637832
0.434058
-0.894427
0.
-0.447214
-0.887571
-0.404391
-0.220649
-0.887571
0.404391
-0.220649
-0.886548
-0.331288
-0.322926
-0.886548
0.331288
-0.322926
-0.884348
-0.18831
0.427162
-0.884348
0.18831
0.427162
-0.884274
-0.419981
0.204147
-0.884274
0.419981
0.204147
-0.877507
-0.365281
0.310727
-0.877507
0.365281
0.310727
-0.87742
-0.0896416
-0.471274
-0.87742
0.0896416
-0.471274
-0.873881
-0.473235
-0.111264
-0.873881
0.473235
-0.111264
-0.872837
-0.257893
-0.414303
-0.872837
0.257893
-0.414303
-0.871744
-0.478183
0.10679
-0.871744
0.478183
0.10679
-0.857726
-0.304401
0.414303
-0.857726
0.304401
0.414303
-0.850651
0.
0.525731
-0.84962
-0.187522
-0.492931
-0.84962
0.187522
-0.492931
-0.848293
0.
-0.529527
-0.84543
-0.534086
0.
-0.84543
0.534086
0.
-0.844226
-0.122673
0.52176
-0.844226
0.122673
0.52176
-0.835236
-0.463581
0.295759
-0.835236
0.463581
0.295759
-0.832408
-0.444469
-0.330974
-0.832408
0.444469
-0.330974
-0.826139
-0.367461
-0.427162
-0.826139
0.367461
-0.427162
-0.825791
-0.239989
0.510367
-0.825791
0.239989
0.510367
-0.825719
-0.524668
0.207151
-0.825719
0.524668
0.207151
-0.82534
-0.518106
-0.224457
-0.82534
0.518106
-0.224457
-0.824712
-0.0943972
-0.557619
-0.824712
0.0943972
-0.557619
-0.821947
-0.408385
0.39702
-0.821947
0.408385
0.39702
-0.809141
-0.291233
-0.510367
-0.809141
0.291233
-0.510367
-0.804316
-0.58437
0.107642
-0.804316
0.58437
0.107642
-0.803906
-0.584072
-0.112228
-0.803906
0.584072
-0.112228
-0.79758
-0.347685
0.492931
-0.79758
0.347685
0.492931
-0.79011
-0.0637832
0.609638
-0.79011
0.0637832
0.609638
-0.789043
-0.197013
-0.581891
-0.789043
0.197013
-0.581891
-0.78869
0.
-0.614791
-0.780538
-0.498614
0.377019
-0.780538
0.498614
0.377019
-0.777558
-0.18831
0.599953
-0.777558
0.18831
0.599953
-0.772319
-0.561123
0.297765
-0.772319
0.561123
0.297765
-0.769198
-0.639011
0.
-0.769198
0.639011
0.
-0.764493
-0.476596
-0.434058
-0.764493
0.476596
-0.434058
-0.762617
-0.554074
-0.333793
-0.762617
0.554074
-0.333793
-0.762537
-0.443213
0.471274
-0.762537
0.443213
0.471274
-0.757036
-0.0985063
-0.645905
-0.757036
0.0985063
-0.645905
-0.755099
-0.396979
-0.52176
-0.755099
0.396979
-0.52176
-0.75415
-0.623174
0.207151
-0.75415
0.623174
0.207151
-0.75415
-0.304401
0.581891
-0.75415
0.304401
0.581891
-0.747792
-0.624841
-0.224457
-0.747792
0.624841
-0.224457
-0.739743
-0.304691
-0.599953
-0.739743
0.304691
-0.599953
-0.724163
-0.681311
0.10679
-0.724163
0.681311
0.10679
-0.723607
-0.525731
0.447214
-0.723607
0.525731
0.447214
-0.722692
-0.408385
0.557619
-0.722692
0.408385
0.557619
-0.720118
0.
0.693852
-0.720118
-0.684873
-0.111264
-0.720118
0.684873
-0.111264
-0.71541
-0.588256
0.377019
-0.71541
0.588256
0.377019
-0.714514
0.
-0.699621
-0.714036
-0.129694
0.687992
-0.714036
0.129694
0.687992
-0.712379
-0.204747
-0.671263
-0.712379
0.204747
-0.671263
-0.698993
-0.651103
0.295759
-0.698993
0.651103
0.295759
-0.696674
-0.253082
0.671263
-0.696674
0.253082
0.671263
-0.689512
-0.5798
-0.434058
-0.689512
0.5798
-0.434058
-0.688191
-0.5
-0.525731
-0.688191
0.5
-0.525731
-0.686284
-0.498614
0.529527
-0.686284
0.498614
0.529527
-0.681596
-0.731729
0.
-0.681596
0.731729
0.
-0.679944
-0.654319
-0.330974
-0.679944
0.654319
-0.330974
-0.676703
-0.412813
-0.609638
-0.676703
0.412813
-0.609638
-0.673743
-0.101564
-0.731953
-0.673743
0.101564
-0.731953
-0.672681
-0.711213
0.204147
-0.672681
0.711213
0.204147
-0.670356
-0.365281
0.645905
-0.670356
0.365281
0.645905
-0.658873
-0.719166
-0.220649
-0.658873
0.719166
-0.220649
-0.657157
-0.588256
0.471274
-0.657157
0.588256
0.471274
-0.653899
-0.314775
-0.687992
-0.653899
0.314775
-0.687992
-0.642393
-0.65552
0.39702
-0.642393
0.65552
0.39702
-0.638064
-0.463581
0.614791
-0.638064
0.463581
0.614791
-0.635563
-0.0659662
0.769225
-0.635563
0.0659662
0.769225
-0.635522
-0.764998
0.104352
-0.635522
0.764998
0.104352
-0.627338
-0.771149
-0.108514
-0.627338
0.771149
-0.108514
-0.626112
0.
-0.779733
-0.624781
-0.194541
0.756176
-0.624781
0.194541
0.756176
-0.619807
-0.20985
-0.756176
-0.619807
0.20985
-0.756176
-0.618568
-0.72168
0.310727
-0.618568
0.72168
0.310727
-0.611721
-0.561123
0.557619
-0.611721
0.561123
0.557619
-0.610888
-0.595468
-0.52176
-0.610888
0.595468
-0.52176
-0.604767
-0.672153
-0.427162
-0.604767
0.672153
-0.427162
-0.604767
-0.313849
0.731953
-0.604767
0.313849
0.731953
-0.601722
-0.516017
-0.609638
-0.601722
0.516017
-0.609638
-0.589032
-0.740783
-0.322926
-0.589032
0.740783
-0.322926
-0.587785
-0.809017
0.
-0.587785
0.809017
0.
-0.584372
-0.782874
0.213581
-0.584372
0.782874
0.213581
-0.582588
-0.423275
-0.693852
-0.582588
0.423275
-0.693852
-0.578054
-0.419981
0.699621
-0.578054
0.419981
0.699621
-0.577134
-0.651103
0.492931
-0.577134
0.651103
0.492931
-0.576105
-0.103203
-0.810834
-0.576105
0.103203
-0.810834
-0.563977
-0.797692
-0.213581
-0.563977
0.797692
-0.213581
-0.554555
-0.72168
0.414303
-0.554555
-0.524668
0.645905
-0.554555
0.524668
0.645905
-0.554555
0.72168
0.414303
-0.552955
-0.320207
-0.769225
-0.552955
0.320207
-0.769225
-0.544768
0.
0.838586
-0.540088
-0.130799
0.831382
-0.540088
0.130799
0.831382
-0.539548
-0.834932
0.108514
-0.539548
0.834932
0.108514
-0.53117
-0.840815
-0.104352
-0.53117
0.840815
-0.104352
-0.527017
-0.679543
-0.510367
-0.527017
0.679543
-0.510367
-0.52674
-0.255133
0.810834
-0.52674
0.255133
0.810834
-0.525731
0.
-0.850651
-0.522548
-0.623174
0.581891
-0.522548
0.623174
0.581891
-0.522506
-0.789117
0.322926
-0.522506
0.789117
0.322926
-0.518372
-0.609383
-0.599953
-0.518372
0.609383
-0.599953
-0.514992
-0.750424
-0.414303
-0.514992
0.750424
-0.414303
-0.513822
-0.211637
-0.831382
-0.513822
0.211637
-0.831382
-0.506536
-0.36802
0.779733
-0.506536
0.36802
0.779733
-0.501435
-0.524625
-0.687992
-0.501435
0.524625
-0.687992
-0.495211
-0.811304
-0.310727
-0.495211
0.811304
-0.310727
-0.485372
-0.478183
0.731953
-0.485372
0.478183
0.731953
-0.485291
-0.874353
0.
-0.485291
0.874353
0.
-0.483427
-0.711213
0.510367
-0.483427
0.711213
0.510367
-0.480364
-0.84886
0.220649
-0.480364
0.84886
0.220649
-0.475407
-0.426943
-0.769225
-0.475407
0.426943
-0.769225
-0.468534
-0.859535
-0.204147
-0.468534
0.859535
-0.204147
-0.46759
-0.103203
-0.8779
-0.46759
0.103203
-0.8779
-0.455979
-0.58437
0.671263
-0.455979
0.58437
0.671263
-0.452372
-0.782874
0.427162
-0.452372
0.782874
0.427162
-0.446272
-0.0648472
0.892545
-0.446272
0.0648472
0.892545
-0.440891
-0.750089
-0.492931
-0.440891
0.750089
-0.492931
-0.440727
-0.320207
-0.838586
-0.440727
0.320207
-0.838586
-0.43895
-0.191349
0.8779
-0.43895
0.191349
0.8779
-0.431198
-0.689544
-0.581891
-0.431198
0.689544
-0.581891
-0.428824
-0.89651
0.111264
-0.428824
0.89651
0.111264
-0.425325
-0.309017
0.850651
-0.425325
0.309017
0.850651
-0.424926
-0.813519
-0.39702
-0.424926
0.813519
-0.39702
-0.424186
-0.899256
-0.10679
-0.424186
0.899256
-0.10679
-0.419372
-0.681311
0.599953
-0.419372
0.681311
0.599953
-0.417408
0.
-0.908719
-0.414864
-0.614242
-0.671263
-0.414864
0.614242
-0.671263
-0.41218
-0.84886
0.330974
-0.41218
0.84886
0.330974
-0.405417
-0.422119
0.810834
-0.405417
0.422119
0.810834
-0.403235
-0.865984
-0.295759
-0.403235
0.865984
-0.295759
-0.399158
-0.20985
-0.892545
-0.399158
0.20985
-0.892545
-0.39111
-0.524625
-0.756176
-0.39111
0.524625
-0.756176
-0.378088
-0.534086
0.756176
-0.378088
0.534086
0.756176
-0.377549
-0.764998
0.52176
-0.377549
0.764998
0.52176
-0.37004
-0.929016
0.
-0.37004
0.929016
0.
-0.363179
-0.904279
0.224457
-0.363179
0.904279
0.224457
-0.360059
-0.423275
-0.831382
-0.360059
0.423275
-0.831382
-0.359629
-0.909811
-0.207151
-0.359629
0.909811
-0.207151
-0.356392
-0.806775
-0.471274
-0.356392
0.806775
-0.471274
-0.353372
-0.101564
-0.929953
-0.353372
0.101564
-0.929953
-0.348337
0.
0.937369
-0.345581
-0.12554
0.929953
-0.345581
0.12554
0.929953
-0.344627
-0.755178
-0.557619
-0.344627
0.755178
-0.557619
-0.343996
-0.639011
0.687992
-0.343996
0.639011
0.687992
-0.338391
-0.862176
-0.377019
-0.338391
0.862176
-0.377019
-0.338352
-0.834932
0.434058
-0.338352
0.834932
0.434058
-0.33769
-0.245346
0.908719
-0.33769
0.245346
0.908719
-0.327622
-0.689544
-0.645905
-0.327622
0.689544
-0.645905
-0.322926
-0.314775
-0.892545
-0.322926
0.314775
-0.892545
-0.317627
-0.358336
0.8779
-0.317627
0.358336
0.8779
-0.307222
-0.945531
-0.107642
-0.307222
0.945531
-0.107642
-0.307065
-0.945048
0.112228
-0.307065
0.945048
0.112228
-0.30622
0.
-0.951961
-0.304819
-0.731729
0.609638
-0.304819
0.731729
0.609638
-0.304791
-0.609383
-0.731953
-0.304791
0.609383
-0.731953
-0.295
-0.907916
-0.297765
-0.295
0.907916
-0.297765
-0.291294
-0.89651
0.333793
-0.291294
0.89651
0.333793
-0.291294
-0.473235
0.831382
-0.291294
0.473235
0.831382
-0.281811
-0.204747
-0.937369
-0.281811
0.204747
-0.937369
-0.276393
-0.850651
-0.447214
-0.276393
0.850651
-0.447214
-0.276178
-0.516017
-0.810834
-0.276178
0.516017
-0.810834
-0.262866
-0.809017
0.525731
-0.262866
0.809017
0.525731
-0.262137
-0.806775
-0.529527
-0.262137
0.806775
-0.529527
-0.259137
-0.584072
0.769225
-0.259137
0.584072
0.769225
-0.251383
-0.0608802
0.965971
-0.251383
0.0608802
0.965971
-0.247737
-0.179992
0.951961
-0.247737
0.179992
0.951961
-0.246693
-0.969094
0.
-0.246693
0.969094
0.
-0.243828
-0.947437
-0.207151
-0.243828
0.947437
-0.207151
-0.243719
-0.750089
-0.614791
-0.243719
0.750089
-0.614791
-0.242646
-0.412813
-0.8779
-0.242646
0.412813
-0.8779
-0.239158
-0.0985063
-0.965971
-0.239158
0.0985063
-0.965971
-0.237704
-0.945048
0.224457
-0.237704
0.945048
0.224457
-0.233011
-0.896416
-0.377019
-0.233011
0.896416
-0.377019
-0.226186
-0.289873
0.929953
-0.226186
0.289873
0.929953
-0.222529
-0.684873
0.693852
-0.222529
0.684873
0.693852
-0.220797
-0.679543
-0.699621
-0.220797
0.679543
-0.699621
-0.217029
-0.874353
0.434058
-0.217029
0.874353
0.434058
-0.205791
-0.304691
-0.929953
-0.205791
0.304691
-0.929953
-0.199579
-0.404391
0.892545
-0.199579
0.404391
0.892545
-0.197173
0.
-0.980369
-0.193479
-0.595468
-0.779733
-0.193479
0.595468
-0.779733
-0.185883
-0.862176
-0.471274
-0.185883
0.862176
-0.471274
-0.185396
-0.976844
-0.10679
-0.185396
0.976844
-0.10679
-0.183496
-0.771149
0.609638
-0.183496
0.771149
0.609638
-0.182789
-0.937611
-0.295759
-0.182789
0.937611
-0.295759
-0.180029
-0.977348
0.111264
-0.180029
0.977348
0.111264
-0.168343
-0.518106
0.838586
-0.168343
0.518106
0.838586
-0.167589
-0.197013
-0.965971
-0.167589
0.197013
-0.965971
-0.165487
-0.929016
0.330974
-0.165487
0.929016
0.330974
-0.165073
-0.813519
-0.557619
-0.165073
0.813519
-0.557619
-0.16246
-0.5
-0.850651
-0.16246
0.5
-0.850651
-0.160598
0.
0.98702
-0.159516
-0.115895
0.980369
-0.159516
0.115895
0.980369
-0.144211
-0.840815
0.52176
-0.144211
0.840815
0.52176
-0.140252
-0.750424
-0.645905
-0.140252
0.750424
-0.645905
-0.135582
-0.220267
0.965971
-0.135582
0.220267
0.965971
-0.134402
-0.907916
-0.39702
-0.134402
0.907916
-0.39702
-0.133662
-0.624841
0.769225
-0.133662
0.624841
0.769225
-0.129927
-0.0943972
-0.98702
-0.129927
0.0943972
-0.98702
-0.128986
-0.396979
-0.908719
-0.128986
0.396979
-0.908719
-0.12617
-0.970776
-0.204147
-0.12617
0.970776
-0.204147
-0.121323
-0.992613
0.
-0.121323
0.992613
0.
-0.111605
-0.672153
-0.731953
-0.111605
0.672153
-0.731953
-0.110325
-0.969094
0.220649
-0.110325
0.969094
0.220649
-0.107642
-0.331288
0.937369
-0.107642
0.331288
0.937369
-0.0973025
-0.719166
0.687992
-0.0973025
0.719166
0.687992
-0.0946272
-0.291233
-0.951961
-0.0946272
0.291233
-0.951961
-0.0942548
0.
-0.995548
-0.0941856
-0.899256
0.427162
-0.0941856
0.899256
0.427162
-0.0842027
-0.865984
-0.492931
-0.0842027
0.865984
-0.492931
-0.079874
-0.5798
-0.810834
-0.079874
0.5798
-0.810834
-0.0762537
-0.0554016
0.995548
-0.0762537
0.0554016
0.995548
-0.0762387
-0.947437
-0.310727
-0.0762387
0.947437
-0.310727
-0.0762324
-0.444469
0.892545
-0.0762324
0.444469
0.892545
-0.0644931
-0.992447
-0.104352
-0.0644931
0.992447
-0.104352
-0.0611855
-0.797692
0.599953
-0.0611855
0.797692
0.599953
-0.0609297
-0.187522
-0.980369
-0.0609297
0.187522
-0.980369
-0.0564575
-0.811304
-0.581891
-0.0564575
0.811304
-0.581891
-0.0542572
-0.992613
0.108514
-0.0542572
0.992613
0.108514
-0.0496276
-0.152738
0.98702
-0.0496276
0.152738
0.98702
-0.0463412
-0.476596
-0.8779
-0.0463412
0.476596
-0.8779
-0.0424992
-0.554074
0.831382
-0.0424992
0.554074
0.831382
-0.0411156
-0.945531
0.322926
-0.0411156
0.945531
0.322926
-0.0291263
-0.0896416
-0.995548
-0.0291263
0.0896416
-0.995548
-0.0269404
-0.859535
0.510367
-0.0269404
0.859535
0.510367
-0.0254109
-0.740783
-0.671263
-0.0254109
0.740783
-0.671263
-0.0244509
-0.909811
-0.414303
-0.0244509
0.909811
-0.414303
-0.0197812
-0.257893
0.965971
-0.0197812
0.257893
0.965971
-0.0126049
-0.976844
-0.213581
-0.0126049
-0.367461
-0.929953
-0.0126049
0.367461
-0.929953
-0.0126049
0.976844
-0.213581
-0.00804807
-0.654319
0.756176
-0.00804807
0.654319
0.756176
0.
-1.
0.
0.
0.
-1.
