81
3
-1.
0.
0.
-0.956626
-0.147621
-0.251148
-0.956626
0.147621
-0.251148
-0.951057
-0.309017
0.
-0.951057
0.309017
0.
-0.947214
-0.16246
0.276393
-0.947214
0.16246
0.276393
-0.894427
0.
-0.447214
-0.861803
-0.425325
-0.276393
-0.861803
0.425325
-0.276393
-0.860696
-0.442863
0.251148
-0.860696
0.442863
0.251148
-0.850651
0.
0.525731
-0.831052
-0.238856
-0.502295
-0.831052
0.238856
-0.502295
-0.812731
-0.295242
0.502295
-0.812731
0.295242
0.502295
-0.809017
-0.587785
0.
-0.809017
0.587785
0.
-0.753443
0.
-0.657513
-0.723607
-0.525731
0.447214
-0.723607
0.525731
0.447214
-0.688191
-0.5
-0.525731
-0.688191
0.5
-0.525731
-0.687157
-0.681718
0.251148
-0.687157
0.681718
0.251148
-0.67082
-0.688191
-0.276393
-0.67082
-0.16246
0.723607
-0.67082
0.16246
0.723607
-0.67082
0.688191
-0.276393
-0.638197
-0.262866
-0.723607
-0.638197
0.262866
-0.723607
-0.609548
-0.442863
0.657513
-0.609548
0.442863
0.657513
-0.587785
-0.809017
0.
-0.587785
0.809017
0.
-0.531939
-0.681718
0.502295
-0.531939
0.681718
0.502295
-0.525731
0.
-0.850651
-0.483974
-0.716567
-0.502295
-0.483974
0.716567
-0.502295
-0.447214
-0.850651
0.276393
-0.447214
0.
0.894427
-0.447214
0.850651
0.276393
-0.447214
-0.525731
-0.723607
-0.447214
0.525731
-0.723607
-0.436009
-0.864188
-0.251148
-0.436009
0.864188
-0.251148
-0.425325
-0.309017
0.850651
-0.425325
0.309017
0.850651
-0.361803
-0.587785
0.723607
-0.361803
-0.262866
-0.894427
-0.361803
0.262866
-0.894427
-0.361803
0.587785
0.723607
-0.309017
-0.951057
0.
-0.309017
0.951057
0.
-0.276393
-0.850651
-0.447214
-0.276393
0.850651
-0.447214
-0.262866
-0.809017
0.525731
-0.262866
0.809017
0.525731
-0.251148
0.
-0.967949
-0.232827
-0.716567
-0.657513
-0.232827
0.716567
-0.657513
-0.203183
-0.147621
0.967949
-0.203183
0.147621
0.967949
-0.16246
-0.5
-0.850651
-0.16246
0.5
-0.850651
-0.155218
-0.955423
-0.251148
-0.155218
0.955423
-0.251148
-0.138197
-0.951057
0.276393
-0.138197
-0.425325
0.894427
-0.138197
0.425325
0.894427
-0.138197
0.951057
0.276393
-0.0776089
-0.238856
-0.967949
-0.0776089
0.238856
-0.967949
-0.0527864
-0.688191
0.723607
-0.0527864
0.688191
0.723607
-0.029644
-0.864188
-0.502295
-0.029644
0.864188
-0.502295
0.
-1.
0.
0.
0.
-1.
