46
3
-0.982247
0.
0.187592
-0.964275
-0.201774
-0.171639
-0.964275
0.201774
-0.171639
-0.898715
-0.403548
0.171639
-0.898715
0.403548
0.171639
-0.894427
0.
-0.447214
-0.833155
-0.201774
0.514918
-0.833155
0.201774
0.514918
-0.794654
-0.57735
-0.187592
-0.794654
0.57735
-0.187592
-0.792636
-0.326477
-0.514918
-0.792636
0.326477
-0.514918
-0.723607
-0.525731
0.447214
-0.723607
0.525731
0.447214
-0.686557
0.
-0.727076
-0.661515
-0.730026
0.171639
-0.661515
0.730026
0.171639
-0.607062
0.
0.794654
-0.555436
-0.652955
-0.514918
-0.555436
-0.403548
0.727076
-0.555436
0.403548
0.727076
-0.555436
0.652955
-0.514918
-0.491123
-0.356822
-0.794654
-0.491123
0.356822
-0.794654
-0.489876
-0.854729
-0.171639
-0.489876
0.854729
-0.171639
-0.449358
-0.730026
0.514918
-0.449358
0.730026
0.514918
-0.343279
0.
-0.939234
-0.303531
-0.934172
0.187592
-0.303531
0.934172
0.187592
-0.277718
-0.201774
0.939234
-0.277718
0.201774
0.939234
-0.276393
-0.850651
-0.447214
-0.276393
0.850651
-0.447214
-0.212158
-0.652955
-0.727076
-0.212158
0.652955
-0.727076
-0.187592
-0.57735
0.794654
-0.187592
0.57735
0.794654
-0.106079
-0.326477
-0.939234
-0.106079
0.326477
-0.939234
-0.106079
-0.979432
-0.171639
-0.106079
0.979432
-0.171639
-0.0655604
-0.854729
0.514918
-0.0655604
0.854729
0.514918
0.
0.
-1.
