21
3
-0.951057
-0.309017
0.
-0.951057
0.309017
0.
-0.894427
0.
-0.447214
-0.850651
0.
0.525731
-0.723607
-0.525731
0.447214
-0.723607
0.525731
0.447214
-0.688191
-0.5
-0.525731
-0.688191
0.5
-0.525731
-0.587785
-0.809017
0.
-0.587785
0.809017
0.
-0.525731
0.
-0.850651
-0.425325
-0.309017
0.850651
-0.425325
0.309017
0.850651
-0.276393
-0.850651
-0.447214
-0.276393
0.850651
-0.447214
-0.262866
-0.809017
0.525731
-0.262866
0.809017
0.525731
-0.16246
-0.5
-0.850651
-0.16246
0.5
-0.850651
0.
-1.
0.
0.
0.
-1.
