406
3
-0.998162
0.
-0.060597
-0.995431
-0.0727276
0.0618658
-0.995431
0.0727276
0.0618658
-0.988183
-0.141048
-0.0599912
-0.988183
0.141048
-0.0599912
-0.982247
0.
0.187592
-0.982212
-0.0685091
-0.174832
-0.982212
0.0685091
-0.174832
-0.975016
-0.213708
0.060597
-0.975016
0.213708
0.060597
-0.971801
-0.145455
0.185597
-0.971801
0.145455
0.185597
-0.964275
-0.201774
-0.171639
-0.964275
0.201774
-0.171639
-0.960406
0.
-0.278604
-0.959952
-0.274036
-0.0582773
-0.959952
0.274036
-0.0582773
-0.952269
-0.129897
-0.276243
-0.952269
0.129897
-0.276243
-0.94817
-0.0727276
0.309329
-0.94817
0.0727276
0.309329
-0.942354
-0.282096
0.179974
-0.942354
0.282096
0.179974
-0.937692
-0.342546
0.0582773
-0.937692
0.342546
0.0582773
-0.928724
-0.213708
0.302985
-0.928724
0.213708
0.302985
-0.928192
-0.325682
-0.179974
-0.928192
0.325682
-0.179974
-0.927551
-0.0618912
-0.368535
-0.927551
0.0618912
-0.368535
-0.923935
-0.247868
-0.291387
-0.923935
0.247868
-0.291387
-0.914419
-0.400207
-0.060597
-0.914419
0.400207
-0.060597
-0.905578
0.
0.424179
-0.904685
-0.171491
-0.390045
-0.904685
0.171491
-0.390045
-0.898715
-0.403548
0.171639
-0.898715
0.403548
0.171639
-0.896525
-0.141048
0.419939
-0.896525
0.141048
0.419939
-0.894427
0.
-0.447214
-0.893172
-0.342546
0.291387
-0.893172
0.342546
0.291387
-0.882363
-0.46673
0.0599912
-0.882363
0.46673
0.0599912
-0.876968
-0.372997
-0.302985
-0.876968
0.372997
-0.302985
-0.874904
-0.100142
-0.473831
-0.874904
0.100142
-0.473831
-0.8717
-0.453534
-0.185597
-0.8717
0.453534
-0.185597
-0.870912
-0.274036
0.407941
-0.870912
0.274036
0.407941
-0.865657
-0.290209
-0.407941
-0.865657
0.290209
-0.407941
-0.848652
-0.0685091
0.524496
-0.848652
0.0685091
0.524496
-0.848069
-0.526262
-0.0618658
-0.848069
0.526262
-0.0618658
-0.846754
-0.454641
0.276243
-0.846754
0.454641
0.276243
-0.842365
0.
-0.538907
-0.841772
-0.210178
-0.497238
-0.841772
0.210178
-0.497238
-0.834895
-0.521905
0.174832
-0.834895
0.521905
0.174832
-0.833155
-0.201774
0.514918
-0.833155
0.201774
0.514918
-0.832706
-0.393022
0.390045
-0.832706
0.393022
0.390045
-0.814527
-0.105987
-0.570361
-0.814527
0.105987
-0.570361
-0.809834
-0.498482
-0.309329
-0.809834
0.498482
-0.309329
-0.80821
-0.412854
-0.419939
-0.80821
0.412854
-0.419939
-0.80753
-0.586705
0.060597
-0.80753
0.586705
0.060597
-0.804547
-0.324743
0.497238
-0.804547
0.324743
0.497238
-0.794654
-0.57735
-0.187592
-0.794654
0.57735
-0.187592
-0.792636
-0.326477
-0.514918
-0.792636
0.326477
-0.514918
-0.786784
-0.49513
0.368535
-0.786784
0.49513
0.368535
-0.784384
0.
0.620275
-0.776985
-0.564513
0.278604
-0.776985
0.564513
0.278604
-0.776543
-0.141048
0.614074
-0.776543
0.141048
0.614074
-0.773481
0.
-0.63382
-0.771363
-0.2217
-0.596531
-0.771363
0.2217
-0.596531
-0.766674
-0.433239
0.473831
-0.766674
0.433239
0.473831
-0.762573
-0.643938
-0.0618658
-0.762573
0.643938
-0.0618658
-0.754358
-0.274036
0.596531
-0.754358
0.274036
0.596531
-0.754358
-0.632755
0.174832
-0.754358
0.632755
0.174832
-0.735345
-0.11085
-0.668565
-0.735345
0.11085
-0.668565
-0.732628
-0.532286
-0.424179
-0.732628
0.532286
-0.424179
-0.726843
-0.4434
-0.524496
-0.726843
0.4434
-0.524496
-0.724337
-0.616158
-0.309329
-0.724337
0.616158
-0.309329
-0.723607
-0.525731
0.447214
-0.723607
0.525731
0.447214
-0.721264
-0.393022
0.570361
-0.721264
0.393022
0.570361
-0.716551
-0.69495
0.0599912
-0.716551
0.69495
0.0599912
-0.714026
-0.595272
0.368535
-0.714026
0.595272
0.368535
-0.711142
-0.34233
-0.614074
-0.711142
0.34233
-0.614074
-0.700707
-0.688886
-0.185597
-0.700707
0.688886
-0.185597
-0.700707
-0.0727276
0.709733
-0.700707
0.0727276
0.709733
-0.69405
-0.664819
0.276243
-0.69405
0.664819
0.276243
-0.686557
0.
-0.727076
-0.686336
-0.213708
0.695177
-0.686336
0.213708
0.695177
-0.681488
-0.49513
0.538907
-0.681488
0.49513
0.538907
-0.680872
-0.230525
-0.695177
-0.680872
0.230525
-0.695177
-0.66319
-0.745994
-0.060597
-0.66319
0.745994
-0.060597
-0.661515
-0.730026
0.171639
-0.661515
0.730026
0.171639
-0.660063
-0.342546
0.668565
-0.660063
0.342546
0.668565
-0.64895
-0.595272
0.473831
-0.64895
0.595272
0.473831
-0.646305
-0.55425
-0.524496
-0.646305
0.55425
-0.524496
-0.642398
-0.641074
-0.419939
-0.642398
0.641074
-0.419939
-0.636989
-0.11411
-0.762381
-0.636989
0.11411
-0.762381
-0.63458
-0.46105
-0.620275
-0.63458
0.46105
-0.620275
-0.631106
-0.6705
0.390045
-0.631106
0.6705
0.390045
-0.625759
-0.454641
0.63382
-0.625759
0.454641
0.63382
-0.625739
-0.718784
-0.302985
-0.625739
0.718784
-0.302985
-0.615543
-0.785946
0.0582773
-0.615543
0.785946
0.0582773
-0.609632
-0.353027
-0.709733
-0.609632
0.353027
-0.709733
-0.607062
0.
0.794654
-0.601785
-0.743605
0.291387
-0.601785
0.743605
0.291387
-0.600606
-0.145455
0.786203
-0.600606
0.145455
0.786203
-0.596669
-0.564513
0.570361
-0.596669
0.564513
0.570361
-0.596569
-0.782122
-0.179974
-0.596569
0.782122
-0.179974
-0.582773
0.
-0.812635
-0.582407
-0.282096
0.762381
-0.582407
0.282096
0.762381
-0.571397
-0.235351
-0.786203
-0.571397
0.235351
-0.786203
-0.559492
-0.80906
0.179974
-0.559492
0.80906
0.179974
-0.557468
-0.664819
0.497238
-0.557468
0.664819
0.497238
-0.557266
-0.828287
-0.0582773
-0.557266
0.828287
-0.0582773
-0.555436
-0.652955
-0.514918
-0.555436
0.652955
-0.514918
-0.555436
-0.403548
0.727076
-0.555436
0.403548
0.727076
-0.54533
-0.57055
-0.614074
-0.54533
0.57055
-0.614074
-0.543508
-0.733609
-0.407941
-0.543508
0.733609
-0.407941
-0.529751
-0.743605
0.407941
-0.529751
-0.521905
0.668565
-0.529751
0.521905
0.668565
-0.529751
0.743605
0.407941
-0.524135
-0.470703
-0.709733
-0.524135
0.470703
-0.709733
-0.522227
-0.115262
-0.844981
-0.522227
0.115262
-0.844981
-0.521248
-0.802119
-0.291387
-0.521248
0.802119
-0.291387
-0.504545
-0.861256
0.060597
-0.504545
0.861256
0.060597
-0.500505
-0.0727276
0.862674
-0.500505
0.0727276
0.862674
-0.493733
-0.632755
0.596531
-0.493733
0.632755
0.596531
-0.491123
-0.356822
-0.794654
-0.491123
0.356822
-0.794654
-0.49024
-0.81723
0.302985
-0.49024
-0.213708
0.844981
-0.49024
0.213708
0.844981
-0.49024
0.81723
0.302985
-0.489876
-0.854729
-0.171639
-0.489876
0.854729
-0.171639
-0.471473
-0.342546
0.812635
-0.471473
0.342546
0.812635
-0.466219
0.
-0.88467
-0.460013
-0.735624
-0.497238
-0.460013
0.735624
-0.497238
-0.449358
-0.730026
0.514918
-0.449358
0.730026
0.514918
-0.449213
-0.6651
-0.596531
-0.449213
0.6651
-0.596531
-0.448263
-0.46673
0.762381
-0.448263
0.46673
0.762381
-0.447665
-0.235351
-0.862674
-0.447665
0.235351
-0.862674
-0.442661
-0.807413
-0.390045
-0.442661
0.807413
-0.390045
-0.43951
-0.896232
-0.0599912
-0.43951
0.896232
-0.0599912
-0.438639
-0.879289
0.185597
-0.438639
0.879289
0.185597
-0.429643
-0.576312
-0.695177
-0.429643
0.576312
-0.695177
-0.417807
-0.865521
-0.276243
-0.417807
0.865521
-0.276243
-0.415338
-0.586705
0.695177
-0.415338
0.586705
0.695177
-0.411186
-0.80906
0.419939
-0.411186
0.80906
0.419939
-0.400404
-0.470703
-0.786203
-0.400404
0.470703
-0.786203
-0.397024
-0.11411
-0.910687
-0.397024
0.11411
-0.910687
-0.392192
0.
0.919883
-0.388271
-0.141048
0.910687
-0.388271
0.141048
0.910687
-0.377179
-0.274036
0.88467
-0.377179
0.274036
0.88467
-0.376773
-0.924237
0.0618658
-0.376773
0.924237
0.0618658
-0.374109
-0.69495
0.614074
-0.374109
0.69495
0.614074
-0.368676
-0.912969
-0.174832
-0.368676
0.912969
-0.174832
-0.365601
-0.801137
-0.473831
-0.365601
0.801137
-0.473831
-0.362169
-0.879289
0.309329
-0.362169
-0.353027
-0.862674
-0.362169
0.353027
-0.862674
-0.362169
0.879289
0.309329
-0.354741
-0.400207
0.844981
-0.354741
0.400207
0.844981
-0.352503
-0.74191
-0.570361
-0.352503
0.74191
-0.570361
-0.345491
-0.863028
-0.368535
-0.345491
0.863028
-0.368535
-0.343279
0.
-0.939234
-0.332659
-0.6651
-0.668565
-0.332659
0.6651
-0.668565
-0.327404
-0.785946
0.524496
-0.327404
0.785946
0.524496
-0.323934
-0.526262
0.786203
-0.323934
0.526262
0.786203
-0.31729
-0.230525
-0.919883
-0.31729
0.230525
-0.919883
-0.308449
-0.949309
-0.060597
-0.308449
0.949309
-0.060597
-0.305365
-0.57055
-0.762381
-0.305365
0.57055
-0.762381
-0.303531
-0.934172
0.187592
-0.303531
0.934172
0.187592
-0.296782
-0.913401
-0.278604
-0.296782
0.913401
-0.278604
-0.285698
-0.643938
0.709733
-0.285698
0.643938
0.709733
-0.282884
-0.0685091
0.956704
-0.282884
0.0685091
0.956704
-0.279839
-0.861256
0.424179
-0.279839
0.861256
0.424179
-0.277718
-0.201774
0.939234
-0.277718
0.201774
0.939234
-0.276393
-0.850651
-0.447214
-0.276393
0.850651
-0.447214
-0.270998
-0.46105
-0.844981
-0.270998
0.46105
-0.844981
-0.269127
-0.11085
-0.956704
-0.269127
0.11085
-0.956704
-0.260305
-0.801137
-0.538907
-0.260305
0.801137
-0.538907
-0.254127
-0.325682
0.910687
-0.254127
0.325682
0.910687
-0.242388
-0.745994
0.620275
-0.242388
0.745994
0.620275
-0.239019
-0.735624
-0.63382
-0.239019
0.735624
-0.63382
-0.238437
-0.969185
0.0618658
-0.238437
0.969185
0.0618658
-0.238364
-0.95531
-0.174832
-0.238364
0.95531
-0.174832
-0.231212
-0.34233
-0.910687
-0.231212
0.34233
-0.910687
-0.227767
-0.901279
-0.368535
-0.227767
0.901279
-0.368535
-0.223833
-0.453534
0.862674
-0.223833
0.453534
0.862674
-0.223833
-0.924237
0.309329
-0.223833
0.924237
0.309329
-0.220995
0.
-0.975275
-0.212158
-0.652955
-0.727076
-0.212158
0.652955
-0.727076
-0.197092
-0.828287
0.524496
-0.197092
0.828287
0.524496
-0.188589
-0.2217
-0.956704
-0.188589
0.2217
-0.956704
-0.187592
-0.57735
0.794654
-0.187592
0.57735
0.794654
-0.180316
0.
0.983609
-0.180087
-0.55425
-0.812635
-0.180087
0.55425
-0.812635
-0.178788
-0.129897
0.975275
-0.178788
0.129897
0.975275
-0.175119
-0.863028
-0.473831
-0.175119
0.863028
-0.473831
-0.171221
-0.983404
-0.0599912
-0.171221
0.983404
-0.0599912
-0.170728
-0.945802
-0.276243
-0.170728
0.945802
-0.276243
-0.161967
-0.969185
0.185597
-0.161967
0.969185
0.185597
-0.152572
-0.247868
0.956704
-0.152572
0.247868
0.956704
-0.150903
-0.807413
-0.570361
-0.150903
0.807413
-0.570361
-0.147362
-0.688886
0.709733
-0.147362
0.688886
0.709733
-0.145879
-0.105987
-0.983609
-0.145879
0.105987
-0.983609
-0.144069
-0.4434
-0.88467
-0.144069
0.4434
-0.88467
-0.142897
-0.896232
0.419939
-0.142897
0.896232
0.419939
-0.12181
-0.733609
-0.668565
-0.12181
0.733609
-0.668565
-0.121194
-0.372997
0.919883
-0.121194
0.372997
0.919883
-0.116466
-0.913401
-0.390045
-0.116466
0.913401
-0.390045
-0.106079
-0.979432
-0.171639
-0.106079
-0.326477
-0.939234
-0.106079
0.326477
-0.939234
-0.106079
0.979432
-0.171639
-0.10582
-0.782122
0.614074
-0.10582
0.782122
0.614074
-0.105296
0.
-0.994441
-0.098048
-0.993335
0.060597
-0.098048
0.993335
0.060597
-0.0883152
-0.641074
-0.762381
-0.0883152
0.641074
-0.762381
-0.0854964
-0.498482
0.862674
-0.0854964
0.498482
0.862674
-0.085186
-0.0618912
0.994441
-0.085186
0.0618912
0.994441
-0.083743
-0.949309
0.302985
-0.083743
0.949309
0.302985
-0.0682911
-0.210178
-0.975275
-0.0682911
0.210178
-0.975275
-0.0655604
-0.854729
0.514918
-0.0655604
0.854729
0.514918
-0.0602304
-0.865521
-0.497238
-0.0602304
0.865521
-0.497238
-0.0557207
-0.171491
0.983609
-0.0557207
0.171491
0.983609
-0.051756
-0.532286
-0.844981
-0.051756
0.532286
-0.844981
-0.0497748
-0.95531
-0.291387
-0.0497748
0.95531
-0.291387
-0.0472613
-0.616158
0.786203
-0.0472613
0.616158
0.786203
-0.0360174
-0.99765
-0.0582773
-0.0360174
0.99765
-0.0582773
-0.0325382
-0.100142
-0.994441
-0.0325382
0.100142
-0.994441
-0.0275148
-0.802119
-0.596531
-0.0275148
0.802119
-0.596531
-0.0229146
-0.983404
0.179974
-0.0229146
0.983404
0.179974
-0.02226
-0.290209
0.956704
-0.02226
0.290209
0.956704
-0.014162
-0.412854
-0.910687
-0.014162
0.412854
-0.910687
-0.00884099
-0.718784
0.695177
-0.00884099
0.718784
0.695177
-0.00850255
-0.912969
0.407941
-0.00850255
0.912969
0.407941
0.
0.
-1.
